0.10833651420314902 0.6521814530019197
25
-0.1 0.06947397126668142 0.010393521952435982
-0.08800000000000001 0.06424292657308607 0.01029179038004483
-0.07600000000000001 0.057768286709896116 0.009451923155900923
-0.06400000000000002 0.050408242876548076 0.007495258914078182
-0.05200000000000002 0.04234999900077375 0.004958263632547836
-0.04000000000000002 0.03366993152837118 0.0028403385678795042
-0.028000000000000025 0.024276838792553573 0.0012302328364330404
-0.016000000000000028 0.014262042080864661 0.00013979323414708058
-0.004000000000000031 0.0031878000179399128 0.0001444314572929195
0.007999999999999965 -0.0076656167807829505 0.0001237438881528713
0.019999999999999962 -0.019188874895504648 0.00024972176216694317
0.031999999999999945 -0.031456062126511065 0.0005003726322434168
0.043999999999999956 -0.04424515870046576 0.0008416191441031535
0.055999999999999966 -0.05740673562692161 0.001037285394359797
0.06799999999999995 -0.07067881996022662 0.0012512254828301358
0.07999999999999993 -0.08379186370002652 0.0014400142093675666
0.09199999999999994 -0.09651330901434271 0.001366978393073657
0.10399999999999995 -0.10879107257414046 0.0011604322639257511
0.11599999999999994 -0.12073947929654266 0.0011211531724057088
0.12799999999999992 -0.132504133947312 0.001421683414323659
0.13999999999999993 -0.14415527656875068 0.0020561173747109893
0.15199999999999994 -0.15565403521897428 0.0029094565944803165
0.1639999999999999 -0.16686831539197627 0.0038417667755125218
0.1759999999999999 -0.17767160253941305 0.004768077026415224
0.18799999999999992 -0.18813301796904333 0.00571512171303908
