0.10139705837805046 0.5369225961603855 0.08734155150707382 0.6079863550578287
25
-0.041883406805027286 -0.007487197306730255 -0.15062939588824245
-0.03795748784876605 -0.006296455395577259 -0.1317460567556567
-0.03357426825350673 -0.005167981900182837 -0.11325774984631046
-0.028608314093057013 -0.004073474030852997 -0.09531821187609003
-0.023216022107730463 -0.003023154699009165 -0.0777608231932604
-0.017819838789952584 -0.0020731445203439223 -0.06010701668970353
-0.012615263478040433 -0.001300133586158719 -0.04208460293580089
-0.007503395759683741 -0.0007843623111797975 -0.023712241929136516
-0.002027618957453142 -0.00011170797751668315 -0.0058606730650302375
0.003358901745178666 0.00024663590564236523 0.0123944623491789
0.00921561431497768 0.0005955700444529958 0.03018881564056924
0.014989007412280585 0.0009182969190301821 0.04809269566868913
0.020976460614084876 0.001074618452347461 0.06594892093356758
0.027402150305158548 0.001079152858600589 0.08351869683624079
0.03423577891940814 0.0009882312255463058 0.10077598985504543
0.04138320537543472 0.0008242276306805458 0.11779256699388459
0.048781422127387654 0.0005843770450089394 0.13463420082760327
0.05639922909089089 0.000259479036045582 0.15134129187306342
0.06423130490813964 -0.00015698954214302794 0.16792568463400326
0.07230215177745948 -0.0006681317328281423 0.1843659799553685
0.0806639390192114 -0.0012756298524661779 0.20061169083325459
0.08938327141964553 -0.001981277999459749 0.2165980065798141
0.09852422841605465 -0.002787387240045459 0.23226315882399057
0.10813607105910909 -0.0036965595627591616 0.2475604885036499
0.11824863376570321 -0.004711375753358538 0.2624627419876551
