0.249815800693078 0.7412998791133446 0.1491284515594996 0.5851064248981438
50
0.05 0.001681412790680894 -0.04796146797572793
0.053377158704386585 0.0014283547334912484 -0.05062253157187497
0.057611520743073026 0.0011905499353007996 -0.054085323253954855
0.06291105325903276 0.0008201892987065875 -0.0583005607747382
0.0696336484669167 0.0003959412651430615 -0.06373185450246019
0.07821440553347056 -0.0002511998175303678 -0.07050740684149244
0.08927950087542448 -0.0013103404405953552 -0.07889349359348367
0.10376041830190041 -0.0030609409361511165 -0.08927812079474226
0.1226997313537833 -0.0062220404378932875 -0.10133199212429979
0.1466729807874141 -0.0121605748673021 -0.11288394223731613
0.17147295217051145 -0.02377727631047052 -0.11359084635402489
0.1808456046523576 -0.04382670926842257 -0.08054496162712947
0.12403178446275429 -0.07324775870053503 0.03690150592273452
0.088056043664389 -0.07981842276879073 0.10250557541133755
0.0001551183408605005 -0.046315946651287854 0.15766125178194557
-0.13049220306428305 -0.0015048232151146995 0.20202556898871737
-0.1881115802180823 0.050812235010834206 0.14983032619508047
-0.20687295656631594 0.05502546001129579 0.13207582506992968
-0.20283239276439033 0.05347147501819713 0.11159663323564072
-0.18031765476138484 0.04932749128580959 0.09288777356062376
-0.15736618615539966 0.048207432636833226 0.07289431327762398
-0.11660219931904338 0.05350394580728887 0.02912920642610973
-0.08994841219172175 0.05438271401174089 0.0037215959765579307
-0.06259561743590336 0.05448436395847219 -0.021273261522975987
-0.02155876961388258 0.05397023071194461 -0.05860291391062368
0.010698448409763752 0.04999999999999999 -0.08358232087976297
0.04864228001977826 0.04309568371007452 -0.1098263853839855
0.06363125829636174 0.03551567177687386 -0.11293323550518013
0.06817279752002915 0.028880618046491825 -0.10724503078826031
0.06742354613418396 0.023579490213845793 -0.09842748542334936
0.06460971215818373 0.019422597616379798 -0.08936058469031898
0.061186169602515654 0.0161482934107841 -0.08107073318059983
0.05774442640008855 0.013548396147235199 -0.07381935082919236
0.05450155805113096 0.011482362145910774 -0.0675885706779471
0.05155743743607993 0.009837321173133132 -0.06229787536003331
0.04896027611913764 0.008520946222644694 -0.057846423313059094
0.046730862258857926 0.007456770867267318 -0.05413039587821995
0.044822204308202516 0.006617288932772174 -0.051060168823567675
0.043326752158104664 0.005883135532692593 -0.048534780470855625
0.042147442016831606 0.005271996700363271 -0.0464943343503634
0.0412680885457169 0.004761537346654282 -0.04488611207607358
0.04066620184375222 0.004345776465570381 -0.04368076373938863
0.04039730534057359 0.003936725306789043 -0.04279073629907361
0.04039027031029745 0.003602199226573847 -0.04225486287565943
0.04068980309427294 0.003275965391710545 -0.042014227146806755
0.04127569401033367 0.0030034374914061452 -0.042120761732544275
0.042194167926622006 0.0027364608491355236 -0.04253692298541639
0.04346551332260403 0.0024964866149804594 -0.043316758590667935
0.045145158438336934 0.002253874799836824 -0.04446176640488821
0.04729538481840829 0.0019969542642675015 -0.04600872293882292
