0.16136007326382623 0.5651188578971064
50
0.0202 -0.01977439222586149 -4.379595693414331e-05
0.020034434561107595 -0.01961673155487967 0.005136643708210206
0.019509921561466182 -0.019095199569390157 0.010426671459363872
0.018646653355233217 -0.018235581104452038 0.015474907501868194
0.01747859282973298 -0.017084812699705704 0.020172293937523254
0.016067881394858492 -0.015683254695989794 0.02437652962036569
0.014435951557369094 -0.014059802620179297 0.02812273996330267
0.01259773047132278 -0.012229015857955623 0.0314155816475561
0.010666701218807155 -0.01030166942014709 0.0341094407706576
0.00863628470683932 -0.008271128926488708 0.03628982746610643
0.006516851607707497 -0.006138726037174253 0.03796944266268652
0.004298968389851937 -0.003918849327822646 0.03917389279193136
0.0020446910875167993 -0.0016553196046462985 0.039856951512883196
-0.0004341613184105609 0.0008391815957825303 0.03999394477331727
-0.0029226963182950247 0.003348681291069788 0.03949850312918933
-0.005465913699691097 0.005897774458397255 0.03833270248090649
-0.00798368905860264 0.008426064105883962 0.036438667241131914
-0.010398334421371882 0.010845992249161284 0.03383645363129765
-0.012642909565596636 0.013102955926442988 0.030536686495190864
-0.014582853924425807 0.015023372560928942 0.0268461745293791
-0.016229079199273563 0.016668940757586466 0.022704008248176637
-0.017565690173167944 0.017990164060159144 0.018303323893487985
-0.018580107481041466 0.018990492058019257 0.013738163821047436
-0.019283406143766595 0.01968235308575735 0.009085511408989765
-0.019689930727182947 0.02008100226582589 0.004401076544097892
-0.01980682743971497 0.0202 -4.5780554798192154e-05
-0.019661868631500382 0.020048960734866686 -0.004908596572498703
-0.019239310040185083 0.01962996322399401 -0.009494649236184368
-0.018541630249372047 0.018941335294092632 -0.013988512676687942
-0.01755922404269822 0.017971068522635202 -0.018376035880399537
-0.016279001724188395 0.01670557934474257 -0.022607467084323624
-0.014702145261676075 0.015132239142789787 -0.02661843971259924
-0.012838663413875028 0.013286159714788635 -0.03023947339764788
-0.01063679395472011 0.011081738383543649 -0.033538727242585824
-0.008236242733343682 0.008679995552938597 -0.03619881074250107
-0.005678426790746894 0.006127510528890745 -0.03817089770573405
-0.0030764952612598114 0.003507226677257631 -0.03943408822970593
-0.0004865879720072231 0.0008973153994866902 -0.03998127046531003
0.0020603821268799505 -0.0016663472474281245 -0.03985059789891485
0.004458048013868605 -0.004074732553352269 -0.039110556378315925
0.006751466434526316 -0.006372489851153428 -0.0378163624075669
0.008904553306641572 -0.008524518122097934 -0.03602790946581772
0.010913811359870424 -0.010546739053709463 -0.03379467726390523
0.012824489906571758 -0.012453326485953098 -0.031039245887794154
0.014511886065712616 -0.014133956402137528 -0.02796031084718966
0.016078351573691183 -0.015690975627476702 -0.02434681440605739
0.017452936571421596 -0.01705530361324015 -0.020264641820627087
0.01859437504271985 -0.018177669715711615 -0.015737912822180445
0.019458029132353012 -0.01903865433508918 -0.010830299002639928
0.020002904329299957 -0.01958302089729984 -0.00563568149659621
